"","ProductTypeLaptop","ProductTypeNetbook","ProductTypePC","ProductTypeSmartphone","ProductNum","x1StarReviews","x4StarReviews","x3StarReviews","PositiveServiceReview","Volume","predSVM","predLM","predKNN","predRF"
"1",0,0,1,0,101,0,3,2,2,12,1407.34787281002,1313.10579857182,1232,1204.33913259199
"2",0,0,1,0,102,0,1,0,1,8,1403.30198451632,1296.66112269533,1232,1192.18193259199
"3",0,0,1,0,103,0,0,0,1,12,380.827650926419,269.90911413784,140.104748011057,1447.56807055337
"4",1,0,0,0,104,9,19,8,7,196,30.4823245844515,75.4469287261479,78.1973517026935,71.0953577533578
"5",1,0,0,0,105,36,31,11,7,232,-69.0860361963676,-95.69477385478,66.4676669477736,21.1957069678859
"6",0,0,0,0,106,40,30,10,12,332,-59.243356701294,-209.935543622724,51.7433669239702,51.1742624124414
"7",0,0,0,0,107,1,3,0,3,44,461.504419476932,487.301264789933,775.216357751108,1097.86805566891
"8",0,0,0,0,108,9,19,12,5,132,1410.04513167249,1324.06891582281,1232,1206.36153259199
"9",0,0,0,0,109,2,9,2,2,64,-25.9775806984218,-141.015199076025,22.8606213557993,63.6029958485959
"10",0,0,0,0,110,0,1,1,2,40,201.094983240893,166.324399796178,169.952706301875,515.902651311178
"11",0,0,0,0,111,15,2,2,2,84,1404.65061394755,1302.14268132083,1232,1198.50171036977
"12",0,0,0,0,112,3,25,6,9,300,446.973738106957,679.008321236548,201.011975636388,507.113026669153
"13",0,0,0,0,113,1,8,5,2,40,922.979407784239,1210.30459806572,531.832738272138,736.990524415851
"14",0,0,0,0,114,16,62,13,44,1252,-43.7084091826188,-229.128243031003,76.3437550683285,39.8404001857792
"15",0,0,0,0,115,5,118,27,57,1396,304.602561841269,610.696060542959,306.677537110062,325.957426673979
"16",0,0,0,0,116,1,6,3,0,32,1411.39376110373,1329.55047444831,1232,1206.36153259199
"17",0,0,0,0,117,1,5,2,0,44,1407.34787281002,1313.10579857182,1232,1204.33913259199
"18",0,0,0,0,118,20,100,23,310,680,1403.30198451632,1296.66112269533,1232,1192.18193259199
"19",0,0,0,0,119,4,12,4,3,60,380.827650926419,269.90911413784,140.104748011057,1447.56807055337
"20",0,0,0,0,120,4,2,4,4,80,30.4823245844515,75.4469287261479,78.1973517026935,71.0953577533578
"21",0,0,0,0,121,10,15,2,5,136,-69.0860361963676,-95.69477385478,66.4676669477736,21.1957069678859
"22",0,0,0,0,122,86,187,63,55,1576,-59.243356701294,-209.935543622724,51.7433669239702,51.1742624124414
"23",0,0,0,0,123,1654,217,162,144,2052,461.504419476932,487.301264789933,775.216357751108,1097.86805566891
"24",0,0,0,0,124,8,18,3,4,116,1410.04513167249,1324.06891582281,1232,1206.36153259199
"25",0,0,0,0,125,2,31,7,7,308,-25.9775806984218,-141.015199076025,22.8606213557993,63.6029958485959
"26",0,0,0,0,126,28,114,25,42,1224,201.094983240893,166.324399796178,169.952706301875,515.902651311178
"27",0,0,0,0,127,2,0,1,1,32,1404.65061394755,1302.14268132083,1232,1198.50171036977
"28",0,0,0,0,128,3,8,3,5,88,446.973738106957,679.008321236548,201.011975636388,507.113026669153
"29",0,0,0,0,129,3,0,0,1,0,922.979407784239,1210.30459806572,531.832738272138,736.990524415851
"30",0,0,0,0,130,1,2,0,1,24,-43.7084091826188,-229.128243031003,76.3437550683285,39.8404001857792
"31",0,0,0,0,131,0,0,0,1,20,304.602561841269,610.696060542959,306.677537110062,325.957426673979
"32",0,0,0,0,132,1,1,1,0,0,1411.39376110373,1329.55047444831,1232,1206.36153259199
"33",0,0,0,0,133,1,0,2,0,20,1407.34787281002,1313.10579857182,1232,1204.33913259199
"34",0,0,0,0,134,15,27,8,280,1232,1403.30198451632,1296.66112269533,1232,1192.18193259199
"35",0,0,0,0,135,15,27,8,280,1232,380.827650926419,269.90911413784,140.104748011057,1447.56807055337
"36",0,0,0,0,136,15,27,8,280,1232,30.4823245844515,75.4469287261479,78.1973517026935,71.0953577533578
"37",0,0,0,0,137,15,27,8,280,1232,-69.0860361963676,-95.69477385478,66.4676669477736,21.1957069678859
"38",0,0,0,0,138,15,27,8,280,1232,-59.243356701294,-209.935543622724,51.7433669239702,51.1742624124414
"39",0,0,0,0,139,15,27,8,280,1232,461.504419476932,487.301264789933,775.216357751108,1097.86805566891
"40",0,0,0,0,140,15,27,8,280,1232,1410.04513167249,1324.06891582281,1232,1206.36153259199
"41",0,0,0,0,141,15,27,8,280,1232,-25.9775806984218,-141.015199076025,22.8606213557993,63.6029958485959
"42",0,0,1,0,142,12,7,3,5,84,201.094983240893,166.324399796178,169.952706301875,515.902651311178
"43",1,0,0,0,143,6,14,4,6,88,1404.65061394755,1302.14268132083,1232,1198.50171036977
"44",0,0,0,0,144,10,29,8,12,368,446.973738106957,679.008321236548,201.011975636388,507.113026669153
"45",0,0,0,0,145,20,31,13,50,1536,922.979407784239,1210.30459806572,531.832738272138,736.990524415851
"46",0,0,0,0,146,24,59,23,60,1464,-43.7084091826188,-229.128243031003,76.3437550683285,39.8404001857792
"47",0,0,0,0,147,36,83,35,15,836,304.602561841269,610.696060542959,306.677537110062,325.957426673979
"48",0,0,0,0,148,177,261,134,120,2140,1411.39376110373,1329.55047444831,1232,1206.36153259199
"49",0,0,0,0,149,5,2,2,5,52,1407.34787281002,1313.10579857182,1232,1204.33913259199
"50",0,0,0,0,150,270,431,157,536,11204,1403.30198451632,1296.66112269533,1232,1192.18193259199
"51",0,0,0,0,151,0,0,0,1,12,380.827650926419,269.90911413784,140.104748011057,1447.56807055337
"52",0,0,0,0,152,4,33,8,6,204,30.4823245844515,75.4469287261479,78.1973517026935,71.0953577533578
"53",0,0,0,0,153,12,38,7,80,1896,-69.0860361963676,-95.69477385478,66.4676669477736,21.1957069678859
"54",0,0,0,0,154,6,54,12,7,432,-59.243356701294,-209.935543622724,51.7433669239702,51.1742624124414
"55",0,0,0,0,155,8,37,3,13,904,461.504419476932,487.301264789933,775.216357751108,1097.86805566891
"56",0,0,0,0,156,4,27,10,7,360,1410.04513167249,1324.06891582281,1232,1206.36153259199
"57",0,0,0,0,157,6,33,6,12,656,-25.9775806984218,-141.015199076025,22.8606213557993,63.6029958485959
"58",0,0,0,0,158,16,13,7,4,104,201.094983240893,166.324399796178,169.952706301875,515.902651311178
"59",0,0,0,0,159,4,10,3,4,84,1404.65061394755,1302.14268132083,1232,1198.50171036977
"60",0,0,0,0,160,9,25,7,4,296,446.973738106957,679.008321236548,201.011975636388,507.113026669153
"61",0,0,0,0,161,6,33,10,5,232,922.979407784239,1210.30459806572,531.832738272138,736.990524415851
"62",0,0,0,0,162,3,0,0,0,16,-43.7084091826188,-229.128243031003,76.3437550683285,39.8404001857792
"63",0,0,0,0,163,0,3,3,0,32,304.602561841269,610.696060542959,306.677537110062,325.957426673979
"64",0,0,0,0,164,2,0,1,1,8,1411.39376110373,1329.55047444831,1232,1206.36153259199
"65",0,0,0,0,165,21,13,8,4,80,1407.34787281002,1313.10579857182,1232,1204.33913259199
"66",0,0,0,0,166,0,1,0,0,0,1403.30198451632,1296.66112269533,1232,1192.18193259199
"67",0,0,0,0,167,65,89,20,42,824,380.827650926419,269.90911413784,140.104748011057,1447.56807055337
"68",0,0,0,0,168,2,0,1,3,32,30.4823245844515,75.4469287261479,78.1973517026935,71.0953577533578
"69",0,0,0,0,169,20,43,17,8,396,-69.0860361963676,-95.69477385478,66.4676669477736,21.1957069678859
"70",0,1,0,0,177,0,0,1,0,4,-59.243356701294,-209.935543622724,51.7433669239702,51.1742624124414
"71",0,0,0,0,185,29,66,30,12,592,461.504419476932,487.301264789933,775.216357751108,1097.86805566891
"72",0,0,0,1,190,2,1,0,1,16,1410.04513167249,1324.06891582281,1232,1206.36153259199
"73",0,0,0,0,198,44,296,109,56,7036,-25.9775806984218,-141.015199076025,22.8606213557993,63.6029958485959
"74",0,0,0,0,188,9,51,17,14,344,201.094983240893,166.324399796178,169.952706301875,515.902651311178
"75",0,0,0,0,189,0,1,0,0,12,1404.65061394755,1302.14268132083,1232,1198.50171036977
"76",0,0,0,1,191,12,25,10,9,248,446.973738106957,679.008321236548,201.011975636388,507.113026669153
"77",0,0,0,1,192,12,17,6,5,72,922.979407784239,1210.30459806572,531.832738272138,736.990524415851
"78",0,1,0,0,182,10,10,6,3,88,-43.7084091826188,-229.128243031003,76.3437550683285,39.8404001857792
"79",0,0,0,1,197,23,28,14,22,1472,304.602561841269,610.696060542959,306.677537110062,325.957426673979
"80",0,0,0,0,200,39,87,20,29,1684,1411.39376110373,1329.55047444831,1232,1206.36153259199
